8532920888
6105000455181
646454074
1827700351187
612958372397841
01156
847214031865
72523
643277972092
06549822
7448350
0629069917
83532600563
3360142
9184142878
3146153729
4461226
195527150162
2056104320896
53663103306977
712872592818
60097
265477
2071109
015387844839574
54938511
370869672
71288600695214
59784451
505723412
8189530
75584970067536
8048586
47017498895
6992241
121179621431257
747208197550
373023297869806
02202899
08881147
325898870
39649530009568
25111025436998
531034208539501
836175701
806453939922198
06971
742710
5852150340378
1565766275498
923697631978838
20306
515373318563929
57517638
86328948914178
9046124
1207127
08596991421588
9723199104387
46711629351
311083
276473159900
498990593685175
50670072
453569
1341741
403692
19474
0546219475
75210
230795186814397
51843213649
44219
170019159960
6623485
17934895968
043174243
9393060914916
5579415079971
26993204
180946564298012
128198
769516
8940903585
308234593171
595818634621439
194402
027366
05579324624
203800975770193
4366013
45699457
012757560412213
6092191850
33537
123787
62086
59587878666540
09885
29886706
903626250
6902400175123
6081215598
60846374502077
9540576
16930
20191784
73837846579459
62424864
576209927617
431043438267047
265559977245
84003351433
70196895626
2513420
605886410940489
504340966497213
5402957901
2110569559223
54608864
736330
161958452659913
5645788
486275822
129665
4000392296
9968033158
839936930808
83975903
3916323282807
728127790084
192056
616542
888659426894
9829300
143121364741968
61340401926225
297925265136798
55248492937965
390026715
895500630925
6147070
293492969
31645
60527
8887441
479962779716
79064773311
326261
6619892
3865203
638292193
4300815
25088400486
9541165045250
7728793196
25064289951011
919088903238552
977267455801
28777
82417061500362
250750233712916
036660128
152251659
22690780139
3884686108932
57289
370302
98295164453612
348877653159
1037007
72751738
15878033399012
0388189025
9182228560
81427900596
975286139967
858064
5453333943
340020883
133111902307957
85656032441753
6604529
044490751810
8363487
502543982
5395434
49569387391
16700051
20096735215788
642288500667597
54676071761
21511512709
523918
339644923
22342718871
618868797915
06994281
742908836250050
38418
599536
7402237839134
47985379
11668863954975
7720519575352
857243106
348228165937778
898971
27001643
8576777
225443275290
726198105282486
64369254427126
8112940
094910830
1300264890
3757228032159
84941550
97672573424960
09272
643846
03726603188667
277969274
27104
0862283
7690248841
13059995
780849391964371
749881
788303
532544575224
47385
535391980201
26753295
419425772
647196864
76216
73812
75560
33029
18989116430832
99812594445
5036679906
8759804814
82212206037
90801064665
22607344
615306
34873199016283
00060563627
92648
749757993551
688707436
1574223974
515821219
46219423713748
86275069
1651578
091220
107581107
092843339
23065
4006004058982
15529
5010070518
255113119123
67577008
96904
92456288
619118731918718
0726260574176
21087
511416055835
1129556429
0527816
7074264
146978
49088422764
931035746367156
36691
759504096021585
8965262446879
366039184851333
02987452
12706734
833992118
629232392
59481466
8999492
45553081788
13772774271
246167644
179987282
285891
5752069
62199267656
129394992567177
55118807
17266324366942
82562828
590431075373
07915340
077429594663109
0330154761043
526672258355957
496511828788129
7414650191
5740573364903
07506743723
702677
621620448682008
56594
992037677876
0686449537222
487168498378973
87344437671981
303498024307
4498288072879
57696
48781571
51675965246589
125596058670
14547598
52637311
6898112352
7555124
03776723817
55557630086
643409086859
1335333
024248
79494889
464984
7813626867425
03537374
36884466399
71145445421
653277642528
1614485
30114592326727
5486833320280
967209
4670856
39090
03995355204
93968
70983
72743291706
44761145543020
68068146203
653108430745
1026479024292
364575
4229857000
700938430
203164861603631
392482874533
82954106707
28306585868510
55949899
32163530
91692
3036623282506
609811669846533
506595831105
058059744
701573297178718
342538408847
18233546
9213420
22984637043
738880473984470
436534208985
729690
152380
0557661320003
9002705599
4393184542748
3230629
52002117327325
251491885
1293903
010093178
08790068695
142300539
5997181965200
190740070
851452390100
3691520216450
9787297
36513558123
1054890
150959
1428327873832
973509
1369405
32622159
23094229
6374706
46005735798
9540664960
57580
45616326
02005983
345664
668069430944
25192
97180845308222
466948720714286
1619946290206
43088710369
75610
39904
633339120596738
079474531360971
26805
66031828961372
91741734264
528678
4014649114321
7755942648
1289027556240
89542
873630454754
3807670965
0667493694682
47662
9501406
9798380758187
28298347581236
21908209502591
168865219874
0956574
83288
875380566961461
08430220871502
16530681
8948900932
3378196568
11653388
739773109499
3236540148544
05973734
057626752
38749
59661227
205885222560531
0210762
1402335980504
420933071877457
156706091963
280935012
600146107641
927313
688234176852
549422420538742
321227667
207853468628
77632396558
027617403
09985244
137548488639
825876530332327
70763577211631
31455219
06426666
301311149549
76860437404
43377
75407296487
71204612
65082444595
2773762
616596256
742930993467
33671874
99607584
302181230
48554313567
3854513577
0459294140
3101209
827750461096299
96863
9068429872425
25381289123
27123
07028
4337298615130
477796026
601735726
899005763
36855491577076
726980911868
816609271162966
42698521955
506547
6131206480
27357577050240
0115145127481
76467486
3082323
8706211034
236130
353877161
817772389
6181325343
39240599
085687797620764
67820703
74943
8231524525489
989966172611891
55855211124
0578473
756326
45580126
9980995327
879152920501964
30982829
0813350197848
571228
8543882221
766807004
6288449
993743129843
97845686392411
63339039630
47484
65940
607021897290
834404711212
6066509
460479
3364867915
35780919190538
59431152
034889
190393320
62239815
5222532
53834795441
44719965
767920387758
7329468913
993434062
0313651592790
583274715938403
517743532048
15689
3262797316
429567
7468864
2544250
432723654129438
754981506670
660186424095
2717504
67434686539472
660902810073
122899
15865768
584005
695457612028
08081093702
235497980150182
40305
65408007
6232638
10088456107543
1761844105060
445193508894
8647075596
7773515
728555
681540493
131524
6757082
37046953050
437952696174263
76169875
13846709240
0389738430866
19650400
09857961
586373274
3313924
81135011479
786092427577
197861989476
7250647277463
0708225474
69874465570778
19708279086
44420281956135
2207836310726
8933688057
86703
238050378604
4823156439
31512615
684749862071
3568843
19059
183921111742
838927131951
7857935945
86562
623224
832043669944
83772324
26757161
4171185
7967012777
4540394
2942430
45150920
78894
06472107359
49534443580314
66427676
033467005333726
975833057531637
87241
289016122
812079680
229220407483219
29003723151
3748756
468523
927918643028038
40422026990
488354467991
396558
440468747
119914563997
79886538
401341
21783785
973140422609
501954763691
844487453833062
513960030
41793
3832439216
31740719
33696
8333626370192
42268371051433
4274811396495
255315142781
966451130651
62545643455155
89491215624
9681413
16535
293751412339747
955564
98817720940
57301
835219668
70532487357991
9580476863722
497944697188389
69284
19598513
9067653157
04946289854430
426451662475
0154640313
01337479602
232372
45150217365716
28666447146773
4287661689
5489743643
130511829071
1251746
9165618
6149701856
185535069462
10501411091
589604
91630818511809
8259634
15561229225
56883
984254
6541410
6267668020738
11399531632
114113221
64658119669380
3279801945
346572461227
438567815599704
609502287
493555956867
93256
06858340785629
439535
017036770767
79718
755623718646
4001919
819281172
3387991468724
509584798
94769970384
631855
1943344112214
975258
2113191270
676318
7203714722506
6982789670180
60813740215
97432167031606
657602438864727
398206
01360051492
4135852
0300193
105267
30535633080151
15694
554076728189
8767899185
17183
030901370
7181835575
09752444963244
48185899873555
49123
9815956
844271813308
50713952020815
5584756658451
9620486
20675
657608333909
2493558
059264
166693
08364432
64485297366
11678019
3911980
17102881055
92459358307
92302
524378729400
1613876
156054294
902141
120823071
607073235
48295988749578
66204178121
9205331814
481473190960
133948215814998
25617982
5755210688
450046558
373915786303
3639074
3578571161039
71770553
21926230600405
1647404
740866592429348
0737066
7571497108777
6289821
8133184634059
68609
1743074048
4964853272513
78809213092655
56841018227642
96140910859
6132617
2294339801
61616
0588992075335
3338539610
567427
696977
87551
4867450
3173431881
9088053
87577562512278
027634
864177247835
87983110493232
6360015720
851843
11076
434259613105
806598467251243
0623832394720
188910
422473001052314
429797647231
453267668916
71851
01549212386
204168080949
184073
95493362396
13911889
004396059
434543426
41871834840
81354
470986
553404501000782
5411814566720
3712485
80361
99049
926229851760
3536789257450
1390405
975576819002
7730579571944
8245895
56166458
302418022
302534
151382422462352
836663206755
166699148491
32167202958337
193426021
449831
12971716481
1768860489
14688630
7954604808
251727423314
6541777
71032939
24860
4548054974980
402073188283
59187176813
418754087624
739980968
90635
93916
922370
662664819888
04707496751
6533723
3235568942719
08331387386
915953270
859789203376
5715142613706
389043334944691
7856731153969
175209
7106619122
871437544946172
38174139
64445
946529154
155749194415896
72130234514
07262
77730164
904685
38713290945395
5081927
566588318731
69548290
64458291398
26437443
4356172692
038506
290076586101045
32340084
926072269535823
1986349138816
4443528474
159692075
0654741208409
3641027017
71204060872
82521
213037339
622341500
601104828374
14009876157
62141
142902265448265
0239178
6459958771
428236019469089
94374
33317
21481
0658896784052
048830128437
8819900
72996602
013953342774
197991
846289
194692
1473783120399
3318207215
171963253
564149207
001278
292913455344218
209971
3813159562
3970011
7742201
516973556012
46551
002652736025976
04421
07148289600
341473747797
661125289916228
67446896634
22527599
069149517697119
56440222778717
9876319
49072
7629153
4387376172859
49076518304
75098
44553251174
481396587399885
597666170597
4749228
662109980
0412638449796
937042610809
22200
745577561450
65114740
33029
6106154944851
20736687618
35906
32493
014412
453089
298507
936011376119734
607248980038
13649
200058613
68600090892978
014806106380
71655891
084993
78814383321
6684731872172
2060808891568
4732539276
36645593
2035188821
3012037162
47241770805372
6370838436084
610751041
292958188335
0346699769
60931521853
417921905190720
9566743230
232406505
619903
0636811977
0865249404
892221697
2104374
23200897
598318684902605
42955
493110844532
5490194004
90028235158878
585117
103257887
16313368663225
771796260043
6483357
4098543115489
532019117667139
